710
743
748
787
741
757
840
615
803
783
929
768
892
752
824
657
946
791
752
428
595
609
757
551
762
548
374
511
708
685
966
808
690
870
738
669
762
798
643
598
598
733
634
907
566
743
861
849
744
616
909
520
785
776
965
810
489
662
729
853
849
644
651
801
747
650
873
760
820
764
747
765
487
903
758
726
772
793
849
751
769
749
851
717
834
625
735
808
796
643
663
772
806
848
832
912
844
885
794
807
721
740
790
859
956
850
751
781
765
771
715
570
578
708
748
388
799
851
785
887
826
363
930
787
786
412
872
735
733
718
791
772
803
767
672
520
711
711
694
930
713
825
539
802
779
639
911
701
590
885
573
863
800
594
618
627
879
711
722
688
876
567
862
896
855
869
641
750
654
719
671
687
899
586
451
435
531
721
814
600
815
333
712
670
744
762
823
766
638
719
872
809
895
823
578
675
779
686
684
958
757
718
694
750
843
727
929
943
691
826
874
890
818
784
856
877
542
727
742
584
400
646
785
730
810
883
859
925
676
882
882
853
799
899
752
948
524
716
777
777
658
775
679
800
864
770
599
767
790
657
638
973
593
807
878
779
707
827
783
475
717
865
601
632
793
740
837
878
904
926
795
741
805
647
633
705
907
774
899
820
809
727
557
682
821
732
907
909
668
720
759
677
634
706
911
691
700
650
747
632
757
774
899
804
761
864
910
729
508
658
684
839
882
752
868
656
742
811
893
711
766
673
669
930
680
709
896
868
544
836
647
828
891
753
707
786
670
902
847
514
765
808
744
600
807
773
883
676
737
879
753
936
830
628
560
689
642
705
812
640
727
784
896
811
978
807
851
742
736
717
835
630
678
615
735
521
913
828
730
668
656
963
817
909
599
692
869
761
924
905
844
712
810
787
869
740
734
637
607
748
971
905
793
765
846
716
843
725
948
511
907
758
673
728
623
906
667
605
888
729
851
787
826
633
790
643
586
657
955
748
756
784
674
754
693
851
701
868
626
710
764
731
834
811
670
673
913
574
782
812
773
729
608
709
919
471
825
833
682
688
658
816
948
679
799
752
716
700
851
712
454
675
923
869
815
