828
917
643
941
721
746
580
898
814
854
654
768
867
734
831
631
666
698
952
674
779
883
838
868
780
970
794
931
821
706
758
837
586
531
656
821
890
619
758
937
718
917
701
710
834
739
545
583
826
730
650
696
526
631
767
676
647
698
788
683
719
610
954
946
713
868
856
762
807
691
778
683
634
397
814
619
616
915
783
696
871
772
731
608
883
764
861
625
770
939
572
390
688
794
870
788
726
837
738
842
760
881
606
573
782
924
851
818
701
938
891
825
711
888
765
793
711
832
843
606
661
803
582
665
787
882
738
713
865
883
865
736
613
535
562
685
702
927
974
824
811
736
875
772
927
846
828
710
709
638
889
809
954
976
809
565
614
917
846
652
433
799
880
779
896
630
694
766
622
743
801
815
651
693
723
767
986
749
739
733
781
773
886
653
597
760
859
809
670
580
747
696
898
884
818
606
821
901
806
778
959
714
937
938
812
915
805
643
658
720
616
763
780
961
757
872
597
589
782
809
859
789
830
856
904
789
899
747
855
816
661
798
458
819
746
821
836
685
739
774
666
806
860
633
715
882
699
778
801
850
763
781
728
826
653
900
832
798
761
772
803
865
793
589
724
884
820
640
967
914
779
894
803
936
959
968
799
882
704
719
747
776
787
930
865
612
498
719
869
971
942
687
914
756
879
710
634
915
600
838
869
860
816
872
756
884
769
593
954
863
572
916
838
818
814
836
757
616
866
608
556
642
851
694
828
681
720
572
762
954
878
820
561
689
805
787
869
849
719
519
622
770
767
772
626
690
778
758
754
712
878
660
878
871
912
627
744
759
637
556
768
867
650
940
700
850
683
787
806
819
406
697
638
683
775
863
745
828
924
765
878
692
735
629
718
822
957
731
637
750
905
683
742
934
812
607
823
789
679
590
891
841
761
701
658
744
758
769
850
812
858
832
809
741
958
750
927
795
820
645
701
683
672
760
780
899
725
584
746
903
781
525
955
811
693
726
758
902
710
668
695
799
654
696
675
601
722
931
711
617
815
675
832
874
890
773
506
701
823
879
756
806
788
687
628
627
687
736
825
840
823
722
704
758
831
