887
918
756
684
792
680
636
692
743
758
881
671
699
896
947
693
606
931
826
734
676
570
688
533
733
610
758
702
987
558
590
409
607
786
597
612
652
487
466
683
767
560
814
600
615
737
780
723
666
694
561
693
822
803
455
382
677
569
709
868
748
938
687
843
779
827
683
903
867
658
657
966
866
883
922
945
712
564
869
764
920
869
697
562
758
700
868
830
695
622
607
857
551
609
811
798
830
795
455
706
901
814
801
689
828
821
897
666
598
758
874
812
656
870
752
927
845
862
859
712
820
610
855
710
912
703
875
433
874
794
675
448
859
716
540
726
522
790
843
710
708
678
731
736
722
561
753
739
699
707
829
605
869
661
861
695
670
820
698
759
664
644
691
589
799
623
672
817
891
398
575
766
986
698
389
660
474
843
608
602
890
829
923
615
860
870
761
480
615
725
856
843
797
972
723
887
665
634
774
668
655
660
858
758
871
593
515
652
805
396
811
767
750
872
502
720
830
679
708
880
436
683
336
873
718
837
395
816
581
676
565
765
686
520
678
886
664
955
939
813
748
651
836
887
775
806
689
735
741
491
941
671
674
597
650
637
755
931
814
582
881
620
706
884
557
765
346
614
803
782
607
919
770
730
720
342
733
769
817
491
716
863
929
906
864
536
535
799
818
721
843
813
842
876
463
807
823
726
882
662
404
722
876
741
661
657
658
858
768
730
755
773
704
714
886
805
714
760
581
703
718
500
777
611
603
972
838
714
739
638
657
755
847
802
658
716
760
656
852
677
821
413
725
809
902
776
890
785
706
684
857
831
827
732
553
791
589
643
561
658
764
612
558
893
527
749
717
785
743
606
594
773
829
668
625
554
420
754
876
867
828
815
802
833
553
550
733
647
878
849
690
492
497
879
617
608
965
733
843
763
744
701
911
719
699
836
517
696
742
956
848
527
604
695
633
909
585
575
857
775
806
726
720
595
487
845
655
974
926
722
886
687
874
904
854
866
755
756
851
639
757
860
822
416
703
737
851
849
845
664
735
899
639
534
901
681
752
552
845
833
557
661
629
593
777
510
892
810
868
810
876
534
638
773
744
624
757
543
590
720
