843
711
848
709
958
971
639
729
947
740
781
862
949
753
882
786
977
908
847
798
807
645
767
805
938
864
666
813
854
632
880
858
809
763
809
610
814
603
700
696
919
801
604
923
923
687
732
840
944
763
752
555
901
911
731
935
752
716
734
817
702
762
708
888
774
841
849
946
900
903
789
759
702
661
800
657
915
920
798
647
734
742
756
903
897
631
742
854
640
723
789
821
734
770
838
822
832
659
541
796
971
852
792
737
813
840
829
932
672
694
909
943
856
943
818
756
851
994
801
823
764
816
847
871
721
931
774
835
907
772
868
893
818
956
750
815
802
851
815
764
697
859
786
633
711
832
754
718
765
711
824
729
913
593
836
856
754
889
886
799
815
756
972
789
832
896
824
686
867
630
869
805
823
783
646
616
879
890
725
672
755
504
728
865
886
700
780
864
509
631
786
805
966
868
610
702
912
820
625
856
777
915
761
741
663
706
700
687
924
864
777
616
832
773
773
674
804
682
618
648
512
633
901
788
936
504
731
938
744
699
779
748
688
717
894
919
712
660
982
924
784
736
737
714
966
728
711
538
834
784
728
832
909
763
759
822
785
820
791
688
586
684
936
689
745
828
644
703
714
773
669
907
614
775
832
795
786
695
884
733
786
788
959
982
786
782
983
907
894
774
803
808
839
838
718
759
642
797
798
660
923
611
617
770
748
716
807
705
549
661
635
872
973
950
678
755
576
809
898
831
718
727
759
682
697
844
779
858
833
659
970
826
889
786
921
659
837
548
724
894
684
779
775
758
681
923
654
656
760
789
706
890
926
531
845
933
775
859
942
832
541
887
765
736
798
836
739
881
752
858
742
784
571
693
777
697
746
871
905
817
857
707
856
881
761
821
923
860
929
740
685
679
610
818
817
809
955
904
769
970
907
821
779
868
699
824
684
768
674
679
758
802
660
665
441
740
731
873
840
863
764
774
736
907
834
943
749
795
675
795
849
761
754
952
841
633
593
966
905
863
772
700
484
855
796
852
686
967
686
842
754
578
575
637
810
847
902
744
842
673
770
682
663
849
741
785
895
864
797
825
776
