861
926
579
634
698
756
768
629
696
692
857
932
731
884
916
603
707
679
767
823
837
664
785
750
768
813
937
889
692
989
819
608
629
741
749
804
678
916
881
854
775
928
946
872
834
797
608
849
858
828
744
846
682
730
776
775
617
811
773
690
766
891
697
742
839
714
872
821
870
769
804
909
857
797
860
719
902
943
925
946
733
744
814
824
923
822
819
926
792
675
762
883
845
702
901
882
722
656
865
842
870
894
780
685
855
729
815
787
521
798
798
879
833
907
739
800
822
794
893
811
721
771
977
707
810
533
663
681
749
759
730
833
905
647
836
823
660
878
928
775
951
975
609
820
714
770
707
842
802
728
719
732
885
835
782
839
659
739
832
730
862
777
760
894
868
933
850
905
868
846
868
638
902
803
852
900
922
800
678
698
729
788
676
724
786
576
917
719
969
875
750
772
793
883
805
596
904
882
874
843
588
991
499
782
842
906
868
695
822
724
847
766
818
639
823
804
459
899
780
581
800
907
888
854
793
788
947
927
779
958
847
811
875
936
595
612
755
842
851
580
687
819
924
833
732
739
798
903
569
975
691
800
791
621
812
786
813
885
898
804
576
579
882
810
764
612
840
967
976
704
744
872
806
798
690
906
878
627
908
592
710
770
709
722
991
695
745
807
802
920
792
696
564
703
748
918
796
661
575
715
667
897
894
748
899
885
827
611
722
789
891
943
681
608
785
875
764
835
860
755
729
700
711
839
918
984
641
785
903
765
876
637
923
680
759
885
832
921
774
800
691
805
869
772
820
929
758
926
801
886
820
805
726
886
856
833
723
694
720
862
865
908
853
817
794
899
901
635
632
831
647
710
702
704
812
565
665
686
669
968
962
811
627
704
770
950
680
843
714
804
825
704
817
676
785
847
734
834
938
463
812
855
758
943
824
894
674
682
820
766
815
898
746
979
855
762
807
880
921
851
672
772
831
760
586
883
815
775
731
731
865
768
747
758
673
541
936
876
968
680
775
741
779
800
929
816
689
736
873
805
799
796
591
757
884
637
687
960
870
666
749
795
776
924
488
786
756
