739
717
957
896
838
806
873
761
652
712
591
710
848
818
676
874
806
939
896
895
649
805
626
800
814
956
568
853
821
887
891
953
884
839
937
868
881
905
959
929
825
725
630
736
807
860
802
953
897
698
929
736
745
676
815
839
839
920
894
890
854
681
961
623
851
879
653
806
840
776
958
733
911
773
856
796
875
756
884
839
809
875
811
584
903
869
634
789
897
759
818
857
857
779
971
748
764
826
678
694
708
667
764
831
938
781
646
895
784
670
775
809
831
878
901
771
923
866
865
960
730
835
896
640
860
860
878
725
747
809
804
823
747
729
864
861
712
804
871
849
683
812
739
862
764
703
862
952
732
789
729
807
753
629
718
789
752
781
840
624
762
844
783
733
695
786
807
824
844
675
778
924
880
747
841
919
863
796
917
778
821
791
617
773
945
651
924
901
883
904
833
592
865
785
638
694
696
954
702
836
888
975
733
836
909
921
835
742
854
938
648
928
733
686
832
702
835
822
657
889
849
826
914
654
833
778
675
620
559
889
820
899
682
891
803
629
953
933
781
882
674
843
839
666
841
621
927
715
868
796
897
850
881
893
839
792
702
878
720
905
610
706
871
720
742
853
855
875
649
948
824
724
635
771
667
700
878
814
727
817
806
704
678
573
935
699
947
874
695
743
732
884
807
884
733
810
784
977
721
835
829
906
879
688
869
863
669
616
801
985
811
792
810
782
922
850
895
949
610
948
827
774
876
656
935
984
930
878
914
810
869
793
746
899
692
701
760
834
623
747
767
874
810
781
769
788
909
886
946
726
942
697
703
816
613
756
685
864
917
729
950
734
745
625
690
775
555
766
822
752
851
772
854
838
688
978
686
921
984
934
666
680
977
901
946
858
760
717
787
959
869
914
868
970
833
914
833
912
836
797
922
732
819
584
778
958
847
857
633
877
871
840
763
601
742
842
632
924
882
719
695
729
622
937
849
654
712
607
843
704
923
767
794
913
886
811
761
896
858
682
759
865
938
883
812
826
983
747
837
963
771
