816
872
787
447
851
903
731
781
624
716
696
702
880
657
789
888
881
904
849
933
717
763
602
821
760
690
717
818
886
437
925
813
558
867
798
410
731
793
887
647
556
773
775
784
676
901
737
747
744
436
927
834
628
803
442
891
460
840
685
953
666
884
627
500
691
852
613
867
833
719
908
740
811
801
922
874
659
637
834
617
634
538
957
893
791
728
704
825
747
852
470
676
986
935
789
892
813
559
759
419
934
827
928
697
779
609
847
858
957
574
637
826
837
715
714
730
819
894
819
684
692
864
778
927
585
876
819
742
751
574
790
860
872
553
804
892
541
964
764
724
538
760
742
800
705
514
853
828
754
705
845
507
883
630
875
622
793
888
874
857
700
973
659
929
865
850
911
740
672
813
664
581
887
645
640
819
764
653
645
574
741
816
979
743
593
783
727
806
955
943
807
826
817
628
925
883
527
556
813
867
859
855
639
773
570
921
794
942
840
764
644
859
756
837
850
773
657
774
594
933
873
714
771
814
654
902
716
840
735
863
804
617
963
968
839
764
470
816
408
897
913
698
784
786
852
865
841
654
874
731
605
776
696
719
917
947
767
715
616
802
832
879
750
699
888
851
814
829
806
769
742
786
632
873
486
690
476
601
550
941
678
520
776
847
906
710
439
741
803
967
567
816
718
953
770
950
734
794
731
696
950
442
594
698
812
828
797
925
812
857
827
785
873
728
768
724
590
855
700
671
670
940
675
812
858
837
518
960
878
774
734
796
840
796
907
742
832
680
818
761
614
579
669
768
756
931
466
964
662
961
696
750
482
816
748
821
907
822
735
558
518
529
717
866
775
363
744
877
812
830
901
886
690
737
683
821
650
821
748
663
796
637
656
954
943
509
434
773
703
498
939
669
645
683
483
646
837
599
425
568
579
828
750
769
856
714
800
642
729
510
840
885
813
605
845
788
719
466
551
981
650
789
949
708
856
861
900
854
815
485
629
948
552
827
594
755
805
495
764
644
502
766
935
814
812
824
736
638
732
800
800
768
910
488
582
787
844
500
854
823
577
842
828
923
700
734
646
708
754
697
804
714
789
881
806
584
790
840
