947
408
838
717
955
933
816
716
727
685
758
936
833
760
836
680
574
860
956
848
770
897
761
933
958
957
831
966
722
764
932
920
953
866
772
975
423
836
880
890
730
913
887
690
663
658
820
914
822
528
658
807
840
670
931
974
773
897
580
805
803
765
757
812
839
791
862
892
945
772
697
755
560
797
795
809
628
501
838
934
695
925
914
769
527
822
842
839
883
711
819
482
597
688
879
909
563
577
867
949
866
902
764
862
812
803
707
931
844
821
594
467
878
853
698
954
727
662
958
850
866
798
889
674
983
784
488
885
788
346
671
837
991
480
654
933
815
656
856
934
796
793
791
743
913
492
693
789
828
663
760
735
721
849
667
878
718
916
866
880
962
816
510
679
907
788
881
930
978
823
765
857
769
821
753
814
935
975
946
679
721
846
745
436
845
603
594
815
616
644
495
619
900
776
945
709
642
699
837
598
792
986
982
737
646
789
785
859
816
935
913
953
462
863
940
495
652
893
823
808
895
968
771
732
914
860
786
759
829
749
520
698
619
886
772
630
928
876
557
909
555
801
885
765
707
827
837
519
639
958
816
843
971
911
802
446
977
944
837
908
686
606
752
912
957
870
880
887
603
771
568
924
815
426
765
445
871
665
852
831
855
860
848
491
985
874
974
970
849
473
932
649
889
793
713
807
840
849
986
810
971
956
711
787
778
930
758
716
785
757
913
805
807
938
427
904
970
580
491
981
502
828
777
592
696
813
661
827
891
839
787
828
835
916
539
722
850
585
736
911
493
842
598
672
896
570
922
854
855
879
638
910
721
859
607
893
571
653
526
726
933
940
415
855
807
753
472
666
654
831
916
931
707
864
604
873
529
784
757
834
715
881
787
729
688
527
764
881
840
612
945
869
896
858
834
891
766
922
932
537
937
844
935
775
604
814
808
971
844
429
749
699
787
875
954
674
869
