1
2
3
4
5
6
7
8
9
10
11
12
13
14
16
17
18
19
20
21
22
23
24
25
26
27
28
29
30
31
32
33
34
35
36
37
38
39
40
41
42
43
44
45
47
48
49
50
51
52
53
56
57
58
59
60
61
62
63
64
65
67
68
69
71
72
73
74
75
76
77
78
79
80
82
83
85
86
87
88
89
90
91
92
93
94
95
97
98
101
102
104
105
106
107
108
109
110
111
112
113
115
117
118
119
120
121
122
123
124
125
126
127
128
129
130
132
133
134
135
136
137
138
139
140
141
142
143
144
145
146
147
148
149
150
152
153
155
156
157
158
159
160
162
163
164
165
166
167
168
169
170
171
173
174
175
176
177
178
179
180
181
182
184
185
186
188
189
190
191
192
193
194
195
196
197
198
199
200
202
204
205
206
208
209
211
212
213
214
215
216
217
218
220
221
222
224
225
226
227
228
229
230
231
232
233
234
236
237
238
240
241
242
243
244
246
247
248
249
251
252
253
254
255
256
257
258
259
260
261
262
264
265
266
268
269
270
271
272
273
274
275
276
278
279
280
281
282
284
285
286
287
288
289
290
291
292
294
296
297
298
299
300
301
302
305
306
309
311
312
313
314
315
316
317
318
319
322
323
324
325
326
327
328
329
330
331
332
333
334
337
338
339
342
343
345
346
348
349
350
352
354
355
356
357
359
360
362
364
367
368
369
370
371
372
373
375
376
377
378
379
380
381
382
383
384
385
386
388
389
390
391
393
394
396
397
399
400
401
403
404
405
406
407
410
411
412
413
415
416
417
418
422
423
425
426
427
428
429
430
431
432
433
434
435
436
437
438
441
442
443
444
445
446
448
449
450
451
452
454
455
457
458
459
460
462
463
464
465
466
467
468
469
471
472
473
475
476
477
478
480
481
483
484
485
486
487
489
491
492
494
495
496
497
498
499
500
