813
878
666
837
504
873
874
427
729
697
738
802
956
654
848
931
603
857
937
938
848
675
857
960
738
851
822
897
652
923
745
949
806
965
836
909
740
950
475
887
816
793
820
789
433
961
828
792
918
646
756
817
663
792
890
505
476
871
981
510
925
931
856
703
740
890
843
884
564
938
951
898
873
725
909
725
792
827
868
900
730
587
482
955
963
942
552
950
969
896
788
960
574
950
701
801
453
644
917
855
908
460
831
940
920
772
866
848
844
952
368
858
906
852
781
882
578
804
563
639
783
976
887
978
795
594
944
882
910
409
918
987
735
584
801
844
958
963
958
644
968
876
920
710
904
809
844
615
886
698
897
904
945
838
658
864
756
742
988
942
976
876
942
664
945
960
899
979
828
768
655
818
623
926
791
839
873
894
927
867
869
961
812
823
743
855
582
984
657
940
634
463
870
795
857
745
940
817
823
756
849
886
894
988
747
842
938
988
936
824
552
739
875
797
612
832
883
924
738
812
649
892
582
931
819
814
903
840
647
812
930
681
988
794
918
896
868
798
661
862
765
848
928
987
967
854
915
850
937
652
831
763
775
938
527
560
794
471
964
845
765
901
842
905
910
848
948
717
941
942
915
841
919
749
943
891
688
984
915
923
899
968
776
654
913
781
659
591
894
937
836
862
853
892
918
959
935
523
796
865
889
911
729
810
875
968
742
921
867
883
555
937
576
928
868
794
934
755
931
844
731
655
567
595
947
851
742
926
953
852
914
883
819
943
852
921
941
964
