1
2
3
4
6
7
8
9
11
15
18
19
20
23
24
27
28
29
36
37
38
39
40
41
42
43
44
45
46
47
48
51
52
54
55
57
59
64
65
66
67
68
69
70
71
72
73
75
76
78
79
81
82
85
86
87
88
89
90
92
93
95
96
97
100
104
107
108
109
110
112
113
114
115
117
118
119
120
122
123
124
125
126
128
130
131
133
134
136
137
138
139
142
143
144
145
146
148
150
151
154
155
156
158
159
162
164
165
167
168
169
171
173
174
175
176
177
179
180
181
183
185
187
188
189
191
192
195
196
197
199
200
201
202
203
205
206
207
212
214
215
219
220
221
223
226
227
228
230
231
232
233
234
235
236
237
239
240
241
244
245
246
247
248
249
250
252
253
254
255
256
257
258
259
260
261
262
263
264
268
269
271
272
274
275
276
278
280
281
282
283
284
287
288
289
291
294
295
296
298
300
305
306
307
309
310
311
312
313
314
317
319
320
322
326
328
329
330
331
332
333
334
335
337
338
339
341
343
344
345
346
347
348
349
351
353
354
355
357
358
359
362
363
365
366
369
370
371
372
373
374
375
376
377
378
379
380
381
382
383
387
388
389
390
391
392
393
394
397
398
399
400
401
402
403
404
405
406
409
410
411
412
414
418
419
421
423
425
428
430
431
432
433
435
438
439
440
442
445
446
447
449
450
451
452
453
454
455
456
457
459
461
463
465
466
467
468
470
472
473
474
475
476
477
478
480
481
482
483
484
485
486
487
491
495
496
498
500
