2
6
8
11
12
13
14
18
19
20
22
23
25
26
27
30
31
34
40
41
42
43
45
46
47
48
49
50
52
54
56
59
63
64
65
66
67
68
69
73
77
79
82
83
86
87
88
89
90
91
92
96
99
103
104
106
109
110
113
116
117
120
122
123
124
126
127
129
130
131
133
136
137
139
140
141
142
143
144
145
146
149
152
153
154
155
158
160
161
163
164
170
172
173
174
176
178
179
180
182
184
185
187
188
189
190
191
192
193
194
196
197
199
201
204
205
210
215
216
217
219
220
221
223
225
226
227
228
231
234
240
241
242
243
244
245
246
247
248
251
253
254
255
258
259
260
261
262
264
266
270
277
278
279
281
284
285
286
289
291
292
296
297
298
299
303
304
307
310
312
313
314
319
320
321
322
323
325
326
328
329
330
331
334
336
337
339
343
344
345
347
348
349
350
352
353
359
360
361
362
364
367
368
370
371
372
374
377
379
380
381
382
383
384
385
386
388
389
390
391
392
393
396
398
399
402
403
404
405
406
407
408
409
410
411
415
416
417
418
419
423
424
425
427
428
429
431
433
437
438
440
442
443
446
450
451
452
454
455
461
464
465
466
467
468
473
476
481
482
483
484
487
489
490
491
492
494
497
498
499
500
