781
852
961
423
688
939
893
867
619
746
767
979
822
834
958
918
847
954
975
968
804
913
932
541
820
643
892
464
964
753
901
962
954
741
703
909
476
435
927
968
953
675
971
603
724
503
908
814
853
856
922
769
557
474
798
867
969
407
773
856
857
983
713
808
963
885
951
831
966
948
813
972
854
806
933
969
651
912
704
970
941
947
823
847
920
770
965
679
896
916
931
777
972
911
887
823
731
922
854
799
986
742
818
718
813
932
853
890
921
753
612
671
832
765
793
891
767
925
866
959
927
915
678
811
896
846
821
640
852
516
894
966
827
687
983
912
769
848
934
970
884
920
953
950
626
784
738
854
847
744
871
741
910
799
762
694
873
897
842
929
923
885
838
929
662
654
939
844
673
709
895
944
650
965
820
937
614
832
955
577
929
867
644
926
942
516
631
731
853
967
942
779
551
887
930
800
921
721
877
753
848
867
958
762
890
719
864
926
933
705
856
765
939
834
921
743
760
933
959
872
956
892
606
932
942
735
805
942
705
943
665
922
531
716
850
694
399
731
922
932
922
839
788
924
647
742
903
928
617
796
569
871
893
824
963
867
833
942
931
940
881
951
970
882
870
859
507
662
724
897
946
942
586
860
491
627
846
850
592
768
917
