875
826
719
897
770
859
733
680
762
905
924
748
967
963
893
900
860
902
773
948
748
944
929
630
835
923
804
898
980
629
872
928
587
920
415
801
890
910
940
760
934
802
576
855
871
682
965
793
952
934
607
864
658
782
453
787
986
954
721
961
778
913
852
591
915
770
561
912
837
909
773
977
793
947
934
892
957
966
744
855
894
633
969
976
742
673
918
890
937
930
909
961
680
893
474
787
914
904
520
863
955
771
715
851
949
820
857
875
669
911
841
892
911
823
964
840
649
954
823
766
782
807
613
832
902
925
760
601
741
887
902
799
965
839
773
884
870
843
820
833
879
936
776
847
980
770
922
825
888
877
573
796
619
589
772
798
850
865
846
902
716
885
511
842
795
570
661
935
919
946
860
969
866
515
936
850
928
930
916
824
933
768
972
685
771
526
821
868
979
580
876
848
613
902
932
785
926
923
900
888
963
727
915
781
930
796
848
855
793
765
863
956
554
949
822
847
785
925
613
923
728
729
827
785
819
847
927
939
872
915
968
931
693
968
894
905
754
638
939
772
525
978
890
915
935
772
923
937
921
973
874
450
754
902
855
908
