1
2
4
12
13
16
17
18
21
22
26
28
32
33
36
42
43
50
52
61
65
66
67
69
71
74
75
76
77
79
80
81
84
85
86
87
89
90
92
94
95
100
101
104
105
106
111
112
114
116
117
121
122
125
127
138
140
142
144
146
147
151
152
155
162
163
164
165
166
170
171
173
174
176
178
180
181
184
186
188
192
196
197
198
200
202
207
210
211
213
214
215
220
224
225
228
229
235
236
240
241
243
244
247
248
249
251
252
254
258
259
265
266
268
269
270
271
273
281
285
288
295
296
298
301
303
307
309
310
311
312
316
317
318
319
328
331
337
338
341
343
345
346
350
352
353
354
357
364
366
367
369
370
378
382
383
384
386
388
392
395
396
397
398
401
405
406
407
414
417
418
419
421
424
426
429
430
432
433
436
440
442
443
444
445
451
454
456
457
458
461
462
468
470
472
473
474
475
476
479
482
483
485
493
494
495
