561
665
807
873
697
910
950
934
905
815
872
710
962
900
928
791
977
537
933
698
665
844
886
737
592
850
964
854
727
904
958
732
811
630
884
465
772
975
869
897
805
930
761
954
859
877
932
839
883
900
888
486
920
822
893
584
579
907
575
957
905
875
774
566
912
940
906
884
753
697
922
751
501
941
941
780
470
873
589
963
926
931
953
475
885
919
692
835
809
921
676
725
548
947
729
611
905
712
970
767
834
649
809
986
661
880
954
958
907
849
918
929
799
945
857
673
667
486
907
971
769
730
954
921
745
980
809
766
850
888
833
847
752
953
859
760
871
761
916
963
500
937
719
879
846
962
670
732
746
932
978
857
934
852
899
920
717
829
793
820
912
986
783
951
492
692
818
744
829
891
895
876
720
876
797
689
824
621
865
956
954
779
987
878
945
914
567
960
604
915
707
902
896
808
930
785
948
876
906
966
905
739
787
925
719
852
