470
675
925
712
813
623
559
337
521
863
652
883
669
928
813
789
639
832
764
688
863
746
937
756
911
552
844
802
806
801
798
588
715
785
655
550
743
674
821
886
791
920
804
318
729
797
570
788
807
528
726
543
750
884
721
450
725
772
867
929
401
642
637
707
760
488
797
469
535
836
515
777
634
684
751
620
925
771
903
776
720
882
875
569
796
888
640
775
931
860
818
838
815
898
814
602
775
583
652
913
790
751
568
862
844
788
775
667
873
612
734
800
806
449
616
770
558
713
860
455
696
733
677
642
749
655
396
716
678
697
931
938
848
570
870
752
834
775
842
685
670
786
812
704
673
761
741
650
724
587
347
755
843
306
639
933
723
724
731
555
905
854
560
576
498
804
794
811
687
815
771
884
741
657
445
607
706
878
657
880
664
750
654
474
665
664
698
667
804
704
933
937
941
499
705
619
892
609
673
842
738
880
863
752
677
535
908
777
844
940
700
777
708
775
421
709
845
693
664
833
494
411
694
822
656
836
811
879
692
715
470
469
656
387
677
842
869
787
771
561
696
698
740
754
803
789
823
921
516
785
816
540
661
745
600
660
559
541
956
424
677
764
706
806
760
764
813
756
674
878
798
842
853
683
453
822
614
871
839
617
831
632
811
537
889
697
753
943
741
699
415
770
924
356
717
799
454
818
601
777
854
764
709
643
697
759
776
727
799
920
954
754
911
590
727
770
789
842
945
877
560
796
803
788
888
870
717
781
364
469
692
732
877
443
455
819
528
755
904
567
815
708
858
753
843
648
853
587
580
655
738
789
457
652
671
896
703
917
744
486
447
828
945
700
659
920
735
766
811
811
723
667
719
834
786
727
777
715
920
821
915
653
755
323
787
892
734
829
920
857
600
814
613
940
720
640
794
772
761
917
864
750
568
522
977
934
739
756
701
666
765
818
677
846
715
767
876
647
727
755
606
765
720
649
830
891
606
769
678
903
537
785
809
524
920
774
796
899
715
792
607
802
920
898
899
784
670
723
521
391
819
807
696
802
800
817
724
842
416
503
666
646
695
746
885
835
744
686
977
859
817
923
767
701
715
885
831
774
461
733
869
691
784
