765
799
787
693
640
764
683
633
496
736
857
817
645
897
752
566
441
849
732
451
774
949
702
770
505
767
378
809
939
592
882
812
863
621
682
894
777
761
706
692
762
799
719
717
747
800
784
696
764
754
823
996
818
822
758
711
669
898
700
617
822
756
515
729
750
748
879
656
709
671
604
858
694
595
849
636
509
783
629
759
667
743
735
544
620
642
848
487
743
725
678
824
757
750
900
474
851
793
749
639
641
778
360
820
844
895
737
887
571
705
806
729
513
676
893
944
616
653
743
557
665
835
589
904
735
875
677
825
501
483
715
749
750
752
720
893
474
903
785
725
900
951
944
751
923
523
770
751
753
666
836
870
777
799
769
733
819
713
633
942
820
738
700
670
659
508
799
842
738
505
702
802
639
872
779
690
817
858
871
803
363
749
811
414
439
786
692
628
854
706
854
786
450
771
878
904
824
915
549
663
755
764
925
853
732
842
774
804
595
889
813
737
838
830
634
780
856
965
766
936
662
576
834
816
724
667
567
513
891
771
427
673
462
840
427
811
766
482
731
862
629
625
860
677
657
901
507
829
690
634
355
861
447
789
771
774
570
768
774
907
757
692
404
738
742
778
878
645
653
860
532
429
753
842
670
642
468
878
786
902
784
808
774
871
760
921
741
851
761
897
474
816
564
476
604
706
732
809
665
775
728
676
767
627
663
819
700
784
878
526
799
752
776
722
810
812
737
751
772
814
875
832
872
843
857
807
708
665
569
804
848
826
698
866
594
812
859
801
533
829
746
871
784
729
768
439
831
656
834
760
795
754
833
430
819
649
917
865
694
725
658
935
966
808
739
880
757
835
717
847
480
857
671
851
765
798
738
595
717
691
801
600
885
698
687
986
851
738
756
620
660
898
733
581
764
572
645
747
838
602
655
805
991
791
438
806
670
371
649
945
662
837
753
860
723
857
509
707
642
669
411
778
476
665
632
700
577
738
753
498
692
827
911
937
678
717
847
634
702
705
833
654
742
812
730
668
582
664
668
832
686
839
842
733
810
777
729
817
718
686
845
788
632
695
681
747
643
882
611
836
616
722
792
672
876
400
846
804
712
633
633
787
914
735
624
828
668
659
641
649
