679
686
641
693
817
733
708
623
769
677
746
739
649
591
596
426
787
919
691
733
847
843
785
647
767
701
710
650
815
735
781
619
842
911
860
776
642
770
744
711
676
731
647
686
390
605
835
685
754
681
480
773
746
755
722
724
604
748
641
732
773
762
775
695
863
767
979
449
855
733
645
843
912
645
460
486
846
758
617
678
601
830
831
563
755
628
829
657
829
917
801
827
753
741
823
922
713
874
767
654
934
634
879
887
747
425
608
705
918
674
845
914
836
929
690
489
759
710
760
504
659
724
754
822
838
420
728
609
430
878
812
981
848
721
949
635
775
755
613
529
822
424
736
856
404
770
850
814
776
810
790
675
798
651
582
895
845
744
568
561
452
911
844
799
735
821
794
713
890
958
919
674
741
761
553
496
726
728
658
750
622
802
811
724
462
939
642
778
768
444
680
811
797
607
665
834
732
720
667
453
924
634
892
743
902
515
776
603
756
769
697
636
745
699
821
584
657
829
914
768
736
769
710
629
682
713
621
726
755
690
837
711
753
741
793
762
688
737
771
755
788
812
677
723
767
781
794
882
715
805
839
659
723
894
742
841
808
666
821
830
601
826
698
881
827
669
677
828
657
800
359
718
769
792
423
893
778
770
770
592
563
581
761
627
596
599
674
772
406
918
587
519
1002
641
784
801
655
564
819
612
649
849
778
503
658
767
855
657
898
653
714
741
801
649
570
646
689
756
655
941
849
662
628
772
760
446
828
720
824
757
704
522
887
692
962
954
541
698
726
842
513
832
667
472
714
758
593
777
962
820
798
755
802
728
581
761
803
630
766
735
495
551
833
512
705
918
803
712
727
738
741
769
546
806
753
769
690
653
804
592
831
741
704
666
669
894
955
796
913
760
761
338
674
698
693
821
670
751
859
653
846
735
678
707
844
924
654
685
729
793
689
521
773
781
749
795
689
425
698
893
637
822
859
755
793
735
788
770
359
759
807
728
714
599
903
603
618
861
449
423
362
690
660
645
823
633
659
842
688
690
726
700
512
706
628
728
856
618
779
735
765
772
547
906
667
889
728
653
875
662
706
669
776
843
576
877
783
673
875
927
808
775
864
796
957
885
695
695
696
785
575
682
