822
684
682
755
843
817
744
639
714
738
809
838
703
748
915
955
862
741
617
469
780
683
728
782
727
818
584
876
704
695
365
808
933
629
667
759
860
707
731
654
686
629
572
842
693
702
656
719
718
703
709
703
866
815
755
767
834
780
898
637
585
859
830
803
675
633
691
807
605
791
742
614
517
833
964
908
563
669
763
883
794
705
627
725
557
553
678
791
481
809
736
748
755
659
688
789
911
777
693
488
829
775
810
851
490
634
808
706
856
694
689
798
756
681
689
620
716
591
744
729
771
781
977
835
728
728
554
955
419
864
821
752
926
704
798
851
845
734
598
759
832
632
762
808
621
832
845
761
727
744
809
599
388
447
938
759
799
850
608
875
469
747
688
814
757
636
545
701
795
635
372
733
792
412
671
685
385
665
679
758
661
710
768
750
917
946
766
759
777
846
749
801
569
717
460
718
825
704
865
797
757
851
721
696
809
637
607
883
773
560
769
676
460
791
838
826
754
740
780
681
901
543
792
517
752
721
906
712
879
884
806
735
613
568
785
582
753
651
887
617
883
727
697
866
749
681
635
691
916
845
836
633
493
936
828
873
805
756
662
792
463
806
785
540
419
670
594
689
737
804
762
726
763
563
789
612
923
861
902
861
646
704
657
716
841
685
712
784
798
467
626
620
713
833
732
659
786
591
810
761
754
718
766
638
725
730
800
758
696
767
793
758
692
684
804
890
787
838
543
708
496
612
760
864
853
365
820
711
822
902
609
478
812
778
687
627
549
625
790
728
618
755
689
940
728
762
531
759
774
607
681
674
708
656
422
728
756
779
831
862
708
695
791
821
788
823
850
864
875
646
883
673
801
695
776
758
844
787
696
405
654
594
804
776
834
776
698
628
765
408
516
800
906
640
469
807
755
702
964
745
436
825
638
879
834
932
745
588
699
788
777
888
839
430
791
921
688
744
824
861
789
718
768
789
431
571
767
873
811
929
888
793
841
618
360
904
863
921
794
642
744
786
828
782
718
809
655
744
635
785
698
611
806
760
647
863
825
561
620
852
838
764
963
825
718
794
449
739
761
697
715
800
731
898
720
799
775
630
896
692
811
749
677
844
781
719
697
688
726
788
790
770
764
