604
442
932
700
769
771
729
558
742
864
778
716
834
595
857
832
837
869
913
765
685
780
773
681
674
889
828
828
739
672
688
498
683
723
745
809
854
697
433
785
709
893
770
818
519
802
707
793
931
753
723
891
768
687
762
619
325
686
534
851
806
470
841
726
862
518
918
623
814
722
893
670
823
579
631
706
693
725
797
716
752
781
706
731
837
818
728
694
765
743
513
805
560
663
703
858
488
654
569
779
491
708
709
814
749
590
833
712
713
731
333
711
654
723
804
723
625
877
662
869
669
645
669
501
753
749
413
859
856
775
795
578
703
645
717
745
684
689
744
589
773
899
674
630
823
604
570
637
823
673
972
793
702
842
517
729
749
771
855
750
740
675
740
955
693
728
468
824
624
791
856
784
813
795
572
601
786
634
629
786
700
412
735
875
794
582
853
941
855
711
745
464
650
642
723
764
650
721
686
695
664
670
835
847
773
474
674
800
854
845
788
631
826
894
798
707
880
639
638
709
941
828
759
768
790
578
555
772
710
871
808
643
493
731
790
367
590
766
699
753
822
711
683
771
750
741
614
583
741
666
876
702
747
693
696
852
881
655
710
827
857
715
811
677
842
827
687
634
761
635
765
727
819
516
534
765
836
757
873
904
833
497
761
639
649
635
882
691
793
711
839
670
493
778
688
689
720
717
661
775
847
818
737
787
478
717
537
641
703
453
722
671
624
740
843
633
855
702
783
830
859
707
718
725
904
832
789
726
812
772
491
886
653
793
381
765
847
821
709
597
743
726
588
781
802
852
633
651
794
871
782
754
586
794
804
771
749
669
679
435
661
723
782
717
834
833
788
755
779
730
831
855
671
487
542
564
837
727
567
713
682
688
437
593
834
438
556
686
834
795
854
593
824
824
704
622
910
765
573
733
654
763
738
899
747
601
894
743
739
619
593
741
755
670
675
851
733
728
734
637
738
648
456
748
947
590
674
813
718
756
807
741
690
767
737
777
776
488
792
806
755
726
727
910
668
591
719
527
563
822
807
741
654
622
772
659
426
841
740
349
780
827
692
568
518
804
730
740
828
819
827
730
946
831
677
752
735
679
713
838
626
715
840
806
727
619
759
844
