766
489
774
736
391
405
529
503
778
717
757
711
747
852
832
873
769
727
802
659
682
600
789
738
618
419
903
646
755
845
599
797
724
743
621
775
664
742
760
883
766
604
902
827
807
792
517
872
630
793
786
731
733
662
713
725
588
683
789
685
718
732
853
885
736
819
716
601
785
676
683
829
788
782
812
786
686
863
597
729
745
703
684
674
790
768
774
729
736
831
821
632
642
731
741
685
829
648
591
800
669
848
772
855
631
852
796
772
611
762
738
624
864
695
791
693
715
712
738
854
733
634
563
656
724
758
609
781
743
748
904
738
711
764
704
544
729
697
477
851
648
753
737
803
778
665
536
577
781
679
690
788
844
728
819
661
829
932
769
858
669
794
740
763
761
481
792
737
650
673
656
489
792
660
717
738
823
756
613
781
903
786
820
787
661
798
679
583
843
804
581
885
739
858
510
633
722
444
819
871
768
746
667
732
872
625
712
808
704
728
690
767
565
715
718
686
601
782
698
851
905
787
788
710
713
790
714
528
609
707
940
724
766
715
611
750
650
755
774
772
740
622
809
807
719
744
739
704
798
826
714
712
751
850
743
658
883
439
728
564
900
709
765
890
513
400
749
746
604
696
742
940
749
735
686
761
808
685
677
538
390
771
730
668
643
822
506
748
531
801
692
495
688
686
718
845
697
625
737
778
788
723
530
728
807
607
699
709
778
674
745
642
797
788
672
785
759
716
575
901
719
650
370
494
586
827
652
672
804
635
732
597
762
750
707
938
571
757
786
693
707
693
807
775
672
704
790
902
509
437
601
655
555
599
751
862
751
673
847
730
781
780
754
729
653
750
725
767
726
696
739
775
743
658
723
821
757
393
831
711
750
658
846
786
722
698
719
730
672
881
627
841
712
681
804
546
628
657
858
731
671
876
833
693
739
808
742
724
738
545
529
669
490
741
799
861
796
815
738
688
700
689
444
771
799
603
782
890
814
631
691
844
694
736
867
353
585
722
685
735
778
842
542
758
742
600
634
713
613
738
650
845
636
624
578
470
755
548
842
818
728
805
734
771
868
772
753
757
819
815
809
698
951
757
843
486
889
731
755
645
621
562
737
649
892
761
755
441
551
808
